0 0.087890625 0.2236328125 0.0908203125 0.0673828125
0 0.1875 0.2216796875 0.0830078125 0.0654296875
0 0.283203125 0.220703125 0.08984375 0.068359375
0 0.384765625 0.2177734375 0.080078125 0.06640625
0 0.1025390625 0.298828125 0.0810546875 0.0634765625
0 0.189453125 0.298828125 0.083984375 0.0673828125
0 0.2880859375 0.2978515625 0.080078125 0.0615234375
0 0.3857421875 0.2939453125 0.080078125 0.0673828125
0 0.1064453125 0.3740234375 0.083984375 0.0615234375
0 0.1962890625 0.375 0.083984375 0.0615234375
0 0.29296875 0.3720703125 0.080078125 0.0634765625
0 0.384765625 0.369140625 0.0966796875 0.0693359375
0 0.119140625 0.4404296875 0.0732421875 0.05859375
0 0.2041015625 0.4443359375 0.0869140625 0.060546875
0 0.298828125 0.443359375 0.07421875 0.0634765625
0 0.3955078125 0.4443359375 0.0810546875 0.0615234375
0 0.125 0.509765625 0.0771484375 0.056640625
0 0.2119140625 0.513671875 0.0771484375 0.05859375
0 0.302734375 0.515625 0.076171875 0.0654296875
0 0.39453125 0.515625 0.076171875 0.0595703125
0 0.6318359375 0.2255859375 0.0908203125 0.0791015625
0 0.7314453125 0.2470703125 0.0908203125 0.072265625
0 0.8291015625 0.26953125 0.087890625 0.0732421875
0 0.9365234375 0.291015625 0.1015625 0.072265625
0 0.6044921875 0.306640625 0.09375 0.0673828125
0 0.7001953125 0.3291015625 0.095703125 0.0673828125
0 0.798828125 0.3486328125 0.09375 0.068359375
0 0.9033203125 0.3662109375 0.1064453125 0.068359375
0 0.580078125 0.3779296875 0.09375 0.0634765625
0 0.671875 0.400390625 0.087890625 0.0615234375
0 0.7666015625 0.4189453125 0.09765625 0.0615234375
0 0.865234375 0.4404296875 0.09375 0.068359375
0 0.5517578125 0.44921875 0.091796875 0.0615234375
0 0.64453125 0.46875 0.091796875 0.0615234375
0 0.7333984375 0.490234375 0.08984375 0.0615234375
0 0.83203125 0.509765625 0.09375 0.0634765625
0 0.5244140625 0.517578125 0.083984375 0.06640625
0 0.6162109375 0.5390625 0.0830078125 0.0654296875
0 0.70703125 0.556640625 0.083984375 0.068359375
0 0.8037109375 0.576171875 0.091796875 0.068359375
0 0.37109375 0.6123046875 0.083984375 0.0615234375
0 0.4423828125 0.654296875 0.0830078125 0.060546875
0 0.5126953125 0.6953125 0.0859375 0.0595703125
0 0.5810546875 0.736328125 0.0830078125 0.0595703125
0 0.650390625 0.7783203125 0.0810546875 0.0615234375
0 0.318359375 0.6591796875 0.083984375 0.064453125
0 0.3916015625 0.7001953125 0.083984375 0.0615234375
0 0.458984375 0.7412109375 0.0791015625 0.064453125
0 0.52734375 0.779296875 0.0771484375 0.060546875
0 0.595703125 0.8203125 0.0810546875 0.05859375
0 0.26953125 0.703125 0.0849609375 0.0615234375
0 0.337890625 0.7470703125 0.0771484375 0.0576171875
0 0.40625 0.78515625 0.0771484375 0.05859375
0 0.4775390625 0.82421875 0.0810546875 0.0546875
0 0.54296875 0.86328125 0.0908203125 0.05078125
0 0.220703125 0.7490234375 0.0771484375 0.056640625
0 0.2890625 0.7890625 0.076171875 0.0615234375
0 0.35546875 0.828125 0.0771484375 0.056640625
0 0.4248046875 0.865234375 0.080078125 0.0546875
0 0.4921875 0.904296875 0.0810546875 0.0546875