0 0.27734375 0.32421875 0.0576171875 0.041015625
0 0.3359375 0.32421875 0.0498046875 0.0419921875
0 0.39453125 0.32421875 0.0517578125 0.0390625
0 0.4541015625 0.322265625 0.0537109375 0.041015625
0 0.28125 0.3701171875 0.0478515625 0.0390625
0 0.3369140625 0.3701171875 0.0556640625 0.03515625
0 0.39453125 0.37109375 0.0498046875 0.0361328125
0 0.4541015625 0.3701171875 0.0478515625 0.0361328125
0 0.2822265625 0.4140625 0.046875 0.0361328125
0 0.3369140625 0.412109375 0.0498046875 0.0361328125
0 0.3935546875 0.4140625 0.0498046875 0.0361328125
0 0.455078125 0.4130859375 0.044921875 0.0380859375
0 0.2802734375 0.45703125 0.0498046875 0.0380859375
0 0.3369140625 0.455078125 0.052734375 0.04296875
0 0.39453125 0.4580078125 0.0517578125 0.0380859375
0 0.455078125 0.45703125 0.0498046875 0.0361328125
0 0.2802734375 0.5 0.0478515625 0.0380859375
0 0.33984375 0.5009765625 0.044921875 0.037109375
0 0.396484375 0.501953125 0.05078125 0.0390625
0 0.455078125 0.5029296875 0.0498046875 0.0400390625
0 0.6005859375 0.330078125 0.0498046875 0.044921875
0 0.6572265625 0.3408203125 0.0517578125 0.04296875
0 0.71484375 0.3515625 0.0517578125 0.0419921875
0 0.7763671875 0.361328125 0.05859375 0.041015625
0 0.5859375 0.3720703125 0.052734375 0.0400390625
0 0.642578125 0.3857421875 0.056640625 0.0400390625
0 0.7001953125 0.396484375 0.052734375 0.041015625
0 0.7587890625 0.4052734375 0.0537109375 0.044921875
0 0.5673828125 0.416015625 0.0546875 0.0400390625
0 0.6240234375 0.427734375 0.056640625 0.0400390625
0 0.6845703125 0.439453125 0.0576171875 0.041015625
0 0.7431640625 0.451171875 0.0546875 0.041015625
0 0.552734375 0.4580078125 0.0537109375 0.0400390625
0 0.6103515625 0.4716796875 0.052734375 0.0380859375
0 0.6689453125 0.482421875 0.056640625 0.0390625
0 0.7265625 0.4951171875 0.0537109375 0.04296875
0 0.5380859375 0.501953125 0.0537109375 0.0419921875
0 0.595703125 0.5146484375 0.0537109375 0.0439453125
0 0.6533203125 0.5263671875 0.0546875 0.0419921875
0 0.712890625 0.5390625 0.056640625 0.0458984375
0 0.4384765625 0.56640625 0.060546875 0.0439453125
0 0.484375 0.59375 0.0537109375 0.041015625
0 0.5283203125 0.623046875 0.0546875 0.0419921875
0 0.5732421875 0.6513671875 0.0546875 0.041015625
0 0.6220703125 0.6796875 0.0595703125 0.044921875
0 0.400390625 0.6005859375 0.0546875 0.041015625
0 0.4462890625 0.62890625 0.0517578125 0.041015625
0 0.4921875 0.6552734375 0.052734375 0.0419921875
0 0.5380859375 0.6845703125 0.0546875 0.0419921875
0 0.587890625 0.7138671875 0.0625 0.0439453125
0 0.365234375 0.6337890625 0.052734375 0.04296875
0 0.4111328125 0.6630859375 0.056640625 0.041015625
0 0.4560546875 0.689453125 0.0556640625 0.0419921875
0 0.5009765625 0.7177734375 0.0556640625 0.0390625
0 0.5478515625 0.7470703125 0.0615234375 0.0419921875
0 0.326171875 0.666015625 0.0615234375 0.0390625
0 0.375 0.6953125 0.052734375 0.041015625
0 0.41796875 0.7236328125 0.0517578125 0.0390625
0 0.466796875 0.7529296875 0.0576171875 0.0390625
0 0.51171875 0.779296875 0.056640625 0.041015625