0 0.095703125 0.15625 0.095703125 0.07421875
0 0.193359375 0.154296875 0.0810546875 0.0771484375
0 0.2890625 0.154296875 0.0771484375 0.0693359375
0 0.3837890625 0.1513671875 0.076171875 0.0732421875
0 0.099609375 0.2275390625 0.0732421875 0.0654296875
0 0.193359375 0.23046875 0.0810546875 0.0634765625
0 0.2880859375 0.23046875 0.083984375 0.0634765625
0 0.3857421875 0.2314453125 0.0830078125 0.0634765625
0 0.1015625 0.3037109375 0.0810546875 0.064453125
0 0.197265625 0.302734375 0.0810546875 0.05859375
0 0.2958984375 0.302734375 0.0830078125 0.0634765625
0 0.388671875 0.302734375 0.076171875 0.064453125
0 0.1064453125 0.376953125 0.0869140625 0.0615234375
0 0.1044921875 0.4443359375 0.0830078125 0.0615234375
0 0.1953125 0.3740234375 0.080078125 0.0634765625
0 0.294921875 0.380859375 0.087890625 0.0634765625
0 0.388671875 0.3759765625 0.0810546875 0.0634765625
0 0.1943359375 0.4462890625 0.080078125 0.0673828125
0 0.2919921875 0.44921875 0.0830078125 0.060546875
0 0.3876953125 0.4482421875 0.083984375 0.0634765625
0 0.6220703125 0.16015625 0.0947265625 0.0771484375
0 0.71484375 0.181640625 0.0849609375 0.06640625
0 0.8076171875 0.201171875 0.08984375 0.072265625
0 0.9072265625 0.2177734375 0.09765625 0.068359375
0 0.5966796875 0.234375 0.0859375 0.0673828125
0 0.6875 0.2548828125 0.087890625 0.06640625
0 0.7822265625 0.2724609375 0.083984375 0.0693359375
0 0.8779296875 0.29296875 0.0947265625 0.0771484375
0 0.5654296875 0.306640625 0.08984375 0.0712890625
0 0.6630859375 0.3251953125 0.0869140625 0.0712890625
0 0.7587890625 0.3427734375 0.0830078125 0.068359375
0 0.85546875 0.3623046875 0.0966796875 0.072265625
0 0.541015625 0.376953125 0.09375 0.0673828125
0 0.63671875 0.3935546875 0.08984375 0.06640625
0 0.728515625 0.4130859375 0.0859375 0.0703125
0 0.8271484375 0.4345703125 0.0869140625 0.0615234375
0 0.515625 0.44921875 0.0966796875 0.0634765625
0 0.615234375 0.4658203125 0.0869140625 0.06640625
0 0.70703125 0.484375 0.0849609375 0.06640625
0 0.80078125 0.5068359375 0.087890625 0.0712890625
0 0.3623046875 0.5478515625 0.09375 0.0771484375
0 0.302734375 0.6025390625 0.087890625 0.0732421875
0 0.25 0.6572265625 0.08984375 0.076171875
0 0.189453125 0.708984375 0.08984375 0.0751953125
0 0.43359375 0.5986328125 0.0849609375 0.068359375
0 0.5087890625 0.6396484375 0.0888671875 0.0693359375
0 0.5830078125 0.6865234375 0.087890625 0.0654296875
0 0.658203125 0.7294921875 0.0888671875 0.068359375
0 0.3798828125 0.65234375 0.0869140625 0.06640625
0 0.3212890625 0.705078125 0.0849609375 0.0634765625
0 0.263671875 0.7578125 0.083984375 0.068359375
0 0.4521484375 0.6943359375 0.0908203125 0.0654296875
0 0.396484375 0.75 0.087890625 0.0673828125
0 0.3349609375 0.802734375 0.087890625 0.064453125
0 0.4072265625 0.84375 0.08984375 0.0712890625
0 0.4775390625 0.8857421875 0.0869140625 0.0732421875
0 0.4677734375 0.7919921875 0.0810546875 0.0673828125
0 0.5224609375 0.73828125 0.08984375 0.06640625
0 0.599609375 0.78125 0.0849609375 0.0673828125
0 0.541015625 0.8359375 0.0869140625 0.0673828125