0 0.189453125 0.1455078125 0.0830078125 0.0703125
0 0.28125 0.1640625 0.0830078125 0.068359375
0 0.37109375 0.1767578125 0.0869140625 0.0615234375
0 0.4638671875 0.1884765625 0.087890625 0.064453125
0 0.1728515625 0.21875 0.0810546875 0.0615234375
0 0.2607421875 0.2333984375 0.076171875 0.056640625
0 0.353515625 0.24609375 0.0810546875 0.0556640625
0 0.4453125 0.2587890625 0.083984375 0.060546875
0 0.1533203125 0.287109375 0.087890625 0.0576171875
0 0.244140625 0.302734375 0.072265625 0.0576171875
0 0.3349609375 0.314453125 0.0830078125 0.0634765625
0 0.4296875 0.330078125 0.0859375 0.05859375
0 0.13671875 0.35546875 0.076171875 0.0634765625
0 0.2255859375 0.369140625 0.080078125 0.05859375
0 0.3154296875 0.3828125 0.0771484375 0.0595703125
0 0.40625 0.3974609375 0.0830078125 0.05859375
0 0.1181640625 0.4248046875 0.0830078125 0.0576171875
0 0.20703125 0.4375 0.078125 0.0556640625
0 0.2958984375 0.451171875 0.07421875 0.056640625
0 0.390625 0.4677734375 0.0732421875 0.060546875
0 0.6904296875 0.2333984375 0.0830078125 0.06640625
0 0.7734375 0.2666015625 0.0869140625 0.0615234375
0 0.857421875 0.2958984375 0.083984375 0.0693359375
0 0.9443359375 0.3271484375 0.0869140625 0.0693359375
0 0.646484375 0.2958984375 0.08984375 0.0654296875
0 0.7333984375 0.3291015625 0.0908203125 0.060546875
0 0.81640625 0.3603515625 0.083984375 0.0634765625
0 0.904296875 0.392578125 0.091796875 0.06640625
0 0.6025390625 0.361328125 0.0869140625 0.064453125
0 0.6884765625 0.390625 0.0849609375 0.0634765625
0 0.7724609375 0.423828125 0.0830078125 0.0615234375
0 0.859375 0.4560546875 0.0859375 0.0634765625
0 0.5625 0.423828125 0.0869140625 0.064453125
0 0.646484375 0.453125 0.0830078125 0.06640625
0 0.7294921875 0.486328125 0.083984375 0.0654296875
0 0.814453125 0.5166015625 0.0888671875 0.064453125
0 0.517578125 0.484375 0.0849609375 0.0654296875
0 0.6025390625 0.5185546875 0.078125 0.064453125
0 0.685546875 0.548828125 0.0830078125 0.05859375
0 0.7724609375 0.58203125 0.087890625 0.06640625
0 0.337890625 0.5634765625 0.0810546875 0.0654296875
0 0.39453125 0.6181640625 0.083984375 0.0634765625
0 0.4521484375 0.669921875 0.083984375 0.0634765625
0 0.51171875 0.7255859375 0.0869140625 0.0654296875
0 0.57421875 0.7802734375 0.0869140625 0.064453125
0 0.2646484375 0.6044921875 0.0869140625 0.068359375
0 0.3251953125 0.662109375 0.0849609375 0.064453125
0 0.384765625 0.712890625 0.083984375 0.0654296875
0 0.4423828125 0.767578125 0.0869140625 0.06640625
0 0.505859375 0.82421875 0.087890625 0.0654296875
0 0.1943359375 0.6484375 0.087890625 0.068359375
0 0.2548828125 0.7041015625 0.083984375 0.064453125
0 0.3115234375 0.7578125 0.0849609375 0.0615234375
0 0.3701171875 0.8115234375 0.0849609375 0.0634765625
0 0.4306640625 0.865234375 0.087890625 0.0634765625
0 0.126953125 0.693359375 0.087890625 0.0634765625
0 0.18359375 0.74609375 0.083984375 0.0693359375
0 0.2412109375 0.8017578125 0.0869140625 0.0634765625
0 0.302734375 0.8564453125 0.0869140625 0.0634765625
0 0.361328125 0.91015625 0.083984375 0.0673828125