0 0.1279296875 0.201171875 0.068359375 0.0517578125
0 0.197265625 0.197265625 0.0595703125 0.0546875
0 0.26953125 0.19140625 0.0625 0.060546875
0 0.3466796875 0.1865234375 0.0693359375 0.056640625
0 0.125 0.267578125 0.0634765625 0.0546875
0 0.19921875 0.265625 0.060546875 0.0517578125
0 0.26953125 0.2626953125 0.06640625 0.05859375
0 0.3466796875 0.2587890625 0.0693359375 0.056640625
0 0.1279296875 0.3330078125 0.0576171875 0.0498046875
0 0.1962890625 0.33203125 0.056640625 0.0576171875
0 0.2646484375 0.3291015625 0.0712890625 0.056640625
0 0.33984375 0.3271484375 0.0673828125 0.0556640625
0 0.1259765625 0.396484375 0.0615234375 0.0537109375
0 0.19140625 0.3974609375 0.0634765625 0.0517578125
0 0.263671875 0.3984375 0.0615234375 0.0546875
0 0.341796875 0.3994140625 0.0732421875 0.056640625
0 0.12109375 0.4609375 0.0576171875 0.0556640625
0 0.1923828125 0.4658203125 0.0673828125 0.0634765625
0 0.26171875 0.46484375 0.06640625 0.0537109375
0 0.337890625 0.46875 0.0673828125 0.05859375
0 0.564453125 0.17578125 0.087890625 0.064453125
0 0.66015625 0.19140625 0.0908203125 0.0693359375
0 0.76171875 0.2021484375 0.0908203125 0.0751953125
0 0.873046875 0.21875 0.1015625 0.07421875
0 0.5361328125 0.251953125 0.091796875 0.0703125
0 0.62890625 0.2685546875 0.0869140625 0.064453125
0 0.7265625 0.2822265625 0.0947265625 0.0751953125
0 0.8359375 0.302734375 0.0966796875 0.0771484375
0 0.5078125 0.3291015625 0.0810546875 0.068359375
0 0.5986328125 0.345703125 0.0810546875 0.068359375
0 0.693359375 0.3671875 0.087890625 0.0771484375
0 0.798828125 0.38671875 0.0966796875 0.078125
0 0.48046875 0.400390625 0.0771484375 0.0615234375
0 0.56640625 0.4208984375 0.0810546875 0.0703125
0 0.66015625 0.443359375 0.0947265625 0.0703125
0 0.7626953125 0.4677734375 0.0947265625 0.078125
0 0.4501953125 0.4716796875 0.080078125 0.0673828125
0 0.5361328125 0.49609375 0.080078125 0.07421875
0 0.6298828125 0.5224609375 0.091796875 0.080078125
0 0.7353515625 0.548828125 0.1064453125 0.0810546875
0 0.3095703125 0.568359375 0.076171875 0.0654296875
0 0.37109375 0.6181640625 0.078125 0.0654296875
0 0.4296875 0.669921875 0.080078125 0.0673828125
0 0.4970703125 0.72265625 0.0830078125 0.0732421875
0 0.564453125 0.779296875 0.091796875 0.0732421875
0 0.2646484375 0.6162109375 0.078125 0.0673828125
0 0.318359375 0.666015625 0.068359375 0.0693359375
0 0.380859375 0.7138671875 0.0869140625 0.068359375
0 0.4384765625 0.7685546875 0.078125 0.0703125
0 0.5146484375 0.8251953125 0.1044921875 0.068359375
0 0.2138671875 0.662109375 0.0732421875 0.0654296875
0 0.2705078125 0.7119140625 0.0791015625 0.05859375
0 0.3251953125 0.76171875 0.07421875 0.0654296875
0 0.38671875 0.8154296875 0.0771484375 0.0673828125
0 0.4482421875 0.8701171875 0.0869140625 0.0673828125
0 0.1689453125 0.7021484375 0.0703125 0.0654296875
0 0.22265625 0.7548828125 0.0673828125 0.0615234375
0 0.2763671875 0.806640625 0.0712890625 0.060546875
0 0.3310546875 0.859375 0.0693359375 0.068359375
0 0.39453125 0.9130859375 0.0869140625 0.06640625