0 0.4755859375 0.287109375 0.044921875 0.0341796875
0 0.5185546875 0.2861328125 0.0400390625 0.0302734375
0 0.564453125 0.2841796875 0.0419921875 0.03125
0 0.611328125 0.2822265625 0.04296875 0.033203125
0 0.4794921875 0.32421875 0.0390625 0.0302734375
0 0.51953125 0.32421875 0.0390625 0.02734375
0 0.56640625 0.3232421875 0.0361328125 0.0322265625
0 0.6103515625 0.3203125 0.0390625 0.0341796875
0 0.4794921875 0.3603515625 0.0361328125 0.0283203125
0 0.4794921875 0.39453125 0.0361328125 0.0283203125
0 0.482421875 0.4287109375 0.03515625 0.0302734375
0 0.521484375 0.359375 0.0361328125 0.0302734375
0 0.56640625 0.3583984375 0.0390625 0.02734375
0 0.6123046875 0.357421875 0.037109375 0.0283203125
0 0.5234375 0.39453125 0.0361328125 0.02734375
0 0.5654296875 0.39453125 0.0390625 0.0302734375
0 0.611328125 0.3935546875 0.0380859375 0.029296875
0 0.5224609375 0.4296875 0.037109375 0.0283203125
0 0.5673828125 0.4287109375 0.0380859375 0.0302734375
0 0.6123046875 0.4306640625 0.0380859375 0.0283203125
0 0.73046875 0.2822265625 0.0439453125 0.0361328125
0 0.78125 0.2900390625 0.046875 0.0380859375
0 0.8330078125 0.2978515625 0.046875 0.0361328125
0 0.884765625 0.306640625 0.048828125 0.0390625
0 0.71875 0.3203125 0.0458984375 0.0322265625
0 0.767578125 0.330078125 0.0458984375 0.0361328125
0 0.8173828125 0.337890625 0.0458984375 0.033203125
0 0.8701171875 0.3466796875 0.0517578125 0.0341796875
0 0.705078125 0.357421875 0.04296875 0.0341796875
0 0.751953125 0.3662109375 0.04296875 0.03125
0 0.80078125 0.3759765625 0.0478515625 0.0322265625
0 0.8544921875 0.3857421875 0.0498046875 0.0341796875
0 0.6923828125 0.3935546875 0.04296875 0.033203125
0 0.7392578125 0.4033203125 0.044921875 0.033203125
0 0.7890625 0.4140625 0.0458984375 0.033203125
0 0.8408203125 0.423828125 0.05078125 0.033203125
0 0.6796875 0.4306640625 0.0439453125 0.03125
0 0.7255859375 0.439453125 0.04296875 0.0322265625
0 0.7734375 0.451171875 0.0439453125 0.0322265625
0 0.82421875 0.4609375 0.0458984375 0.033203125
0 0.6005859375 0.4814453125 0.04296875 0.03515625
0 0.63671875 0.505859375 0.0400390625 0.033203125
0 0.6708984375 0.5283203125 0.0419921875 0.0341796875
0 0.7080078125 0.5537109375 0.0458984375 0.033203125
0 0.7470703125 0.5771484375 0.0498046875 0.0361328125
0 0.572265625 0.5087890625 0.044921875 0.037109375
0 0.609375 0.53125 0.0439453125 0.0341796875
0 0.6435546875 0.5546875 0.04296875 0.033203125
0 0.6787109375 0.5791015625 0.0458984375 0.0302734375
0 0.716796875 0.6025390625 0.048828125 0.037109375
0 0.546875 0.5322265625 0.0439453125 0.03515625
0 0.580078125 0.5576171875 0.0390625 0.0322265625
0 0.615234375 0.5810546875 0.0439453125 0.033203125
0 0.650390625 0.6044921875 0.0400390625 0.0322265625
0 0.6875 0.62890625 0.0498046875 0.0322265625
0 0.517578125 0.55859375 0.0458984375 0.0361328125
0 0.5546875 0.58203125 0.044921875 0.0341796875
0 0.587890625 0.60546875 0.0439453125 0.0361328125
0 0.623046875 0.6298828125 0.0439453125 0.0322265625
0 0.66015625 0.6533203125 0.048828125 0.033203125