0 0.2978515625 0.3046875 0.05078125 0.041015625
0 0.3515625 0.3017578125 0.0458984375 0.0341796875
0 0.408203125 0.30078125 0.0498046875 0.0419921875
0 0.462890625 0.302734375 0.052734375 0.0390625
0 0.3017578125 0.3486328125 0.0498046875 0.0361328125
0 0.353515625 0.3486328125 0.0458984375 0.0390625
0 0.4072265625 0.3466796875 0.0478515625 0.0390625
0 0.4609375 0.345703125 0.0498046875 0.03515625
0 0.302734375 0.390625 0.0458984375 0.0361328125
0 0.353515625 0.392578125 0.0478515625 0.037109375
0 0.4072265625 0.3916015625 0.044921875 0.0361328125
0 0.458984375 0.3916015625 0.0498046875 0.0400390625
0 0.302734375 0.435546875 0.046875 0.0380859375
0 0.353515625 0.435546875 0.0478515625 0.03515625
0 0.4052734375 0.4375 0.0498046875 0.0380859375
0 0.4599609375 0.4345703125 0.046875 0.0390625
0 0.302734375 0.4775390625 0.046875 0.0390625
0 0.3544921875 0.4775390625 0.0439453125 0.0380859375
0 0.4033203125 0.4765625 0.0498046875 0.041015625
0 0.458984375 0.478515625 0.05078125 0.0380859375
0 0.6005859375 0.298828125 0.0576171875 0.046875
0 0.662109375 0.3115234375 0.0615234375 0.04296875
0 0.720703125 0.3251953125 0.0615234375 0.0400390625
0 0.7880859375 0.3330078125 0.06640625 0.04296875
0 0.5869140625 0.345703125 0.0576171875 0.0419921875
0 0.6455078125 0.3583984375 0.0595703125 0.041015625
0 0.703125 0.369140625 0.056640625 0.041015625
0 0.7705078125 0.37890625 0.0703125 0.0478515625
0 0.5712890625 0.392578125 0.0556640625 0.044921875
0 0.6259765625 0.40625 0.056640625 0.04296875
0 0.685546875 0.4150390625 0.0615234375 0.04296875
0 0.7470703125 0.4267578125 0.0634765625 0.04296875
0 0.556640625 0.4365234375 0.0556640625 0.0419921875
0 0.611328125 0.451171875 0.0537109375 0.0419921875
0 0.6669921875 0.4599609375 0.0537109375 0.0439453125
0 0.73046875 0.474609375 0.0634765625 0.046875
0 0.5390625 0.4794921875 0.05078125 0.0458984375
0 0.5947265625 0.4912109375 0.05078125 0.04296875
0 0.6533203125 0.5068359375 0.060546875 0.0458984375
0 0.716796875 0.5185546875 0.068359375 0.044921875
0 0.447265625 0.544921875 0.056640625 0.041015625
0 0.4873046875 0.572265625 0.0498046875 0.046875
0 0.52734375 0.6015625 0.0556640625 0.044921875
0 0.5732421875 0.630859375 0.0556640625 0.04296875
0 0.6181640625 0.6630859375 0.0556640625 0.04296875
0 0.412109375 0.57421875 0.052734375 0.0439453125
0 0.4560546875 0.603515625 0.0556640625 0.0458984375
0 0.4951171875 0.6337890625 0.0537109375 0.0478515625
0 0.537109375 0.6650390625 0.052734375 0.0419921875
0 0.58203125 0.6953125 0.0537109375 0.0439453125
0 0.3759765625 0.6044921875 0.0546875 0.041015625
0 0.4189453125 0.63671875 0.05078125 0.0419921875
0 0.4599609375 0.6650390625 0.052734375 0.0419921875
0 0.505859375 0.697265625 0.0556640625 0.0419921875
0 0.5439453125 0.7255859375 0.052734375 0.0419921875
0 0.3486328125 0.6357421875 0.046875 0.0439453125
0 0.388671875 0.66796875 0.0537109375 0.04296875
0 0.4267578125 0.6982421875 0.0498046875 0.0419921875
0 0.466796875 0.7255859375 0.0576171875 0.041015625
0 0.5126953125 0.7578125 0.0595703125 0.0439453125